{
    "a": 0.06022961462599174,
    "b": 0.011133567429395272,
    "c": 0.02490292679043685,
    "d": 0.02530094906199418,
    "e": 0.09773436878090201,
    "f": 0.01739136203221327,
    "g": 0.012626150947735254,
    "h": 0.03682369382357884,
    "i": 0.06313075473867627,
    "j": 0.0009972669137353063,
    "k": 0.004039926056306884,
    "l": 0.02894064161190175,
    "m": 0.022324626964682157,
    "n": 0.05766679344413094,
    "o": 0.06332755463961294,
    "p": 0.019713158616297684,
    "q": 0.000838058005112375,
    "r": 0.05008668040580582,
    "s": 0.050946850759338046,
    "t": 0.07903837819191749,
    "u": 0.021652411572718668,
    "v": 0.008674674285107776,
    "w": 0.012557602667633713,
    "x": 0.0014328801776063826,
    "y": 0.011343634739383861,
    "z": 0.0004444582032390168
}