{
    "a": 0.05625970583289647,
    "b": 0.005960494169081791,
    "c": 0.02622775695110733,
    "d": 0.03091425236649225,
    "e": 0.13386086904914984,
    "f": 0.0074323188162098534,
    "g": 0.006447145866922521,
    "h": 0.0032225838039941046,
    "i": 0.05600055391250161,
    "j": 0.003084105678592271,
    "k": 0.00046291259062898745,
    "l": 0.03943065707870503,
    "m": 0.02332169457660313,
    "n": 0.060922462141069646,
    "o": 0.04858010464989763,
    "p": 0.02516147538551321,
    "q": 0.008425404801234434,
    "r": 0.05259201376868218,
    "s": 0.06387402447106302,
    "t": 0.05730224829127885,
    "u": 0.044356521825141694,
    "v": 0.009946685921720294,
    "w": 0.00015628245581064107,
    "x": 0.0030287144284315373,
    "y": 0.0015648028170407225,
    "z": 0.000427303929811373
}