{
    "a": 0.0798165137614679,
    "b": 0.006967627207695106,
    "c": 0.03163925150547629,
    "d": 0.02942246291880532,
    "e": 0.10025461746756659,
    "f": 0.007741583478155438,
    "g": 0.012714707189912298,
    "h": 0.00796386856888817,
    "i": 0.09169462070080427,
    "j": 9.497635694944024e-05,
    "k": 0.000290991391504668,
    "l": 0.048987592450390006,
    "m": 0.021834458230610677,
    "n": 0.059036899325061634,
    "o": 0.0780988562421695,
    "p": 0.02457260639372752,
    "q": 0.003530291395546215,
    "r": 0.054086004122378045,
    "s": 0.040995433051772216,
    "t": 0.054132481914076706,
    "u": 0.024024976761104152,
    "v": 0.011793234450147516,
    "w": 0.0001333710544396395,
    "x": 5.860243301135675e-05,
    "y": 8.285171563674574e-05,
    "z": 0.010208947985288768
}